74
0.0 0.0 6.0 2.0 0.0 0.0 0.0 0.0 47782.521 0.05 21.293 41.906 1.527 0.303 0
0.0 0.0 5.667 2.0 0.0 1.0 0.0 0.0 73795.905 0.077 17.729 107.018 4.905 1.333 1
0.0 0.0 6.0 2.0 0.0 0.0 0.0 0.0 34576.604 0.115 9.487 82.88 1.286 0.317 2
250.0 143.0 6.0 4.0 0.0 1.0 1.0 0.0 75048.182 0.294 55.0 10.789 3.0 4.0 3
0.0 0.0 5.667 2.0 0.0 0.0 0.0 0.0 69605.139 0.13 13.673 100.919 1.895 0.617 4
5.435 3.739 0.913 2.0 0.0 1.0 0.0 0.0 59181.413 0.089 12.939 253.399 7.522 5.494 5
0.0 24.938 0.938 2.0 0.0 1.0 1.0 1.0 52500.281 0.076 24.266 84.511 6.438 1.365 6
0.0 0.0 1.015 2.0 0.0 0.0 0.0 0.0 56390.963 0.067 18.183 34.757 1.647 0.191 7
0.0 0.0 3.833 2.167 0.0 0.0 0.0 0.0 48714.973 0.259 2.639 4122.767 2.0 8.0 8
0.0 1.091 3.818 2.0 0.0 0.0 0.0 0.0 43015.058 0.073 12.644 690.645 2.818 10.091 9
0.0 0.0 4.0 2.0 0.0 0.0 0.0 0.0 35933.413 0.087 12.717 53.301 1.338 0.346 10
69.444 66.556 1.444 4.0 0.0 1.0 0.0 0.0 58789.906 0.073 43.802 119.129 3.222 2.593 11
0.0 0.0 1.714 4.0 0.0 1.0 1.0 1.0 59100.084 0.07 58.19 44.143 2.714 1.714 12
0.0 0.0 1.091 2.182 0.0 0.0 1.0 0.0 45693.093 0.084 26.841 37.463 2.182 1.727 13
0.0 0.0 0.6 4.0 0.0 0.0 0.0 0.0 49764.253 0.096 28.51 49.934 2.8 1.5 14
3.511 1.961 0.0 2.0 0.0 0.0 0.0 0.0 37518.045 0.077 14.485 24.506 1.343 0.154 15
0.0 0.0 1.133 3.0 0.0 1.0 0.0 1.0 56218.097 0.074 28.376 63.845 3.867 1.067 16
0.0 0.0 0.615 2.0 0.0 0.0 0.0 1.0 49826.67 0.058 27.402 53.108 2.615 0.385 17
0.0 0.0 1.15 2.0 0.0 1.0 0.0 0.0 42031.69 0.074 20.799 113.234 2.583 1.339 18
0.0 0.0 1.0 2.0 0.0 0.0 0.0 0.0 35192.155 0.124 7.81 30.845 1.196 0.109 19
0.0 0.0 0.935 2.0 0.0 0.0 0.0 0.0 48377.734 0.095 10.449 589.651 3.613 6.806 20
173.571 172.686 1.057 2.0 0.0 1.0 0.0 0.0 67705.914 0.071 22.487 50.928 3.0 0.3 21
242.045 241.818 1.091 3.0 0.0 1.0 0.0 0.0 55743.944 0.095 22.415 79.324 4.227 1.045 22
0.0 0.0 0.348 3.0 0.0 0.0 0.0 0.0 45203.567 0.069 23.33 79.766 1.957 0.543 23
187.5 959.667 0.5 4.0 0.0 1.0 1.0 1.0 61323.866 0.062 25.21 76.4 19.833 1.375 24
266.901 266.803 5.915 2.0 0.0 1.0 0.0 0.0 49300.695 0.08 27.307 59.613 2.183 0.495 25
0.0 20.588 4.294 2.0 0.0 1.0 1.0 1.0 62173.221 0.08 27.353 77.853 5.118 1.843 26
0.0 0.0 1.9 3.2 0.0 0.0 0.0 1.0 58938.544 0.056 17.509 172.542 5.2 3.633 27
1.786 0.0 2.0 2.0 0.0 0.0 0.0 0.0 35389.094 0.116 10.483 40.738 1.3 0.171 28
151.786 167.071 1.714 3.0 0.0 1.0 1.0 1.0 57943.272 0.066 23.426 77.141 9.929 0.565 29
0.0 0.216 3.0 2.0 0.0 0.0 0.0 0.0 48767.846 0.061 18.007 55.719 1.739 0.489 30
79.545 80.091 0.273 2.182 0.0 1.0 1.0 0.0 54432.568 0.056 25.71 83.909 3.818 2.364 31
0.0 0.0 4.923 4.0 0.0 1.0 0.0 0.0 57222.784 0.04 35.348 80.511 4.615 1.5 32
0.0 0.0 5.111 3.0 0.0 0.0 0.0 0.0 56838.802 0.045 22.989 96.879 2.889 1.426 33
0.0 1.0 5.25 2.083 0.0 0.0 0.0 1.0 42126.982 0.04 32.472 31.534 1.75 0.5 34
0.0 0.0 4.929 2.071 0.0 0.0 0.0 1.0 76729.752 0.067 19.958 105.417 3.214 1.643 35
20.833 6.25 5.0 3.0 0.0 1.0 0.0 1.0 62240.237 0.066 32.26 68.873 7.083 0.958 36
0.0 0.0 4.919 2.0 0.0 0.0 0.0 0.0 43889.128 0.044 28.608 13.139 1.243 0.095 37
0.0 0.0 5.047 2.0 0.0 0.0 0.0 0.0 48402.553 0.174 8.923 105.183 1.811 0.58 38
50.926 39.259 5.037 3.0 0.0 1.0 0.0 0.0 55388.738 0.075 23.855 93.336 4.889 1.707 39
0.0 0.0 4.692 2.077 0.0 0.0 1.0 0.0 50119.456 0.039 24.605 77.109 3.0 1.173 40
2166.667 2166.333 4.667 2.0 0.0 0.0 1.0 1.0 52908.083 0.061 27.911 44.627 2.833 2.167 41
104.167 51.5 5.833 2.0 0.0 1.0 1.0 0.0 54436.173 0.068 19.295 92.655 5.167 0.833 42
125.0 72.0 5.136 2.0 0.0 1.0 0.0 1.0 47767.319 0.059 37.652 19.475 2.0 0.341 43
795.0 774.2 4.8 3.0 0.0 1.0 1.0 1.0 63902.29 0.054 23.964 76.054 9.3 0.67 44
0.0 0.0 5.083 4.0 0.0 0.0 0.0 0.0 42280.214 0.049 24.514 73.492 1.667 0.667 45
125.0 190.9 4.2 4.0 0.0 1.0 1.0 1.0 63743.966 0.07 23.315 89.048 13.8 3.017 46
0.0 0.0 4.0 2.0 0.0 0.0 0.0 0.0 54686.994 0.102 13.664 67.032 1.803 0.502 47
484.091 495.636 2.818 2.091 0.0 1.0 1.0 0.0 54094.869 0.051 25.317 69.93 3.909 2.636 48
15.625 15.562 2.875 2.0 0.0 0.0 0.0 1.0 57012.037 0.061 17.374 92.314 3.438 2.062 49
0.0 0.0 2.4 2.0 0.0 1.0 0.0 1.0 58405.319 0.089 17.852 109.87 6.15 1.442 50
0.0 0.0 2.0 2.0 0.0 0.0 0.0 0.0 49231.938 0.063 16.615 44.252 1.941 0.426 51
0.0 0.0 0.75 3.75 0.0 0.0 1.0 1.0 44498.639 0.053 53.698 21.044 2.5 0.875 52
150000.0 145422.0 6.0 2.0 0.0 1.0 0.0 0.0 49084.694 0.012 33.0 34.5 5.0 0.0 53
34.722 18.833 0.611 2.0 0.0 1.0 0.0 1.0 46804.515 0.066 31.846 29.653 2.222 0.556 54
0.0 0.0 0.959 2.0 0.0 0.0 0.0 0.0 39968.091 0.036 24.842 14.986 1.257 0.027 55
0.0 0.0 3.0 2.0 0.0 0.0 1.0 1.0 60096.403 0.027 6.571 1018.889 10.0 24.0 56
3039.286 3523.857 4.071 2.071 0.0 1.0 1.0 1.0 62675.93 0.091 14.853 126.882 21.0 1.304 57
0.0 0.0 0.118 2.0 0.0 1.0 0.0 0.0 47611.725 0.076 29.085 38.458 2.0 0.471 58
0.0 1.8 0.2 2.0 0.0 1.0 0.0 1.0 75183.594 0.103 20.021 100.87 5.333 1.172 59
0.0 0.0 0.667 2.0 0.0 0.0 1.0 1.0 45687.767 0.021 20.25 32.894 2.5 0.667 60
0.0 0.0 4.0 4.0 0.0 0.0 1.0 0.0 58568.306 0.059 17.0 37.152 3.0 2.0 61
0.0 0.0 5.0 2.0 0.0 1.0 0.0 0.0 39868.034 0.085 16.08 157.074 2.391 0.877 62
22.059 15.059 5.059 2.0 0.0 1.0 0.0 1.0 62864.045 0.084 17.594 121.68 6.559 2.076 63
0.0 0.0 5.0 2.0 0.0 0.0 0.0 0.0 32547.935 0.08 11.151 52.673 1.337 0.163 64
1.623 1.182 0.039 2.0 0.0 0.0 0.0 0.0 61505.213 0.087 14.703 69.044 1.87 0.377 65
1394.444 1428.111 0.444 2.0 0.0 1.0 1.0 1.0 56750.658 0.059 22.546 118.215 25.222 0.73 66
0.0 0.0 3.854 2.0 0.0 1.0 0.0 0.0 64158.233 0.086 19.167 110.846 3.976 1.894 67
866.667 786.167 4.25 4.0 0.0 1.0 0.0 1.0 52378.5 0.071 20.856 169.887 9.25 2.012 68
0.0 0.0 1.238 2.0 0.0 0.0 0.0 0.0 50155.292 0.575 6.576 293.793 1.238 0.381 69
0.0 0.0 3.0 2.0 0.0 0.0 0.0 0.0 35154.919 0.117 10.368 93.754 1.395 0.36 70
0.0 0.0 2.964 3.0 0.0 0.0 0.0 0.0 39054.287 0.046 21.229 133.067 1.821 1.089 71
0.0 0.0 2.851 2.021 0.0 0.0 0.0 0.0 72303.567 0.187 10.476 163.532 1.851 0.617 72
74.679 66.026 2.923 2.0 0.0 1.0 0.0 0.0 45253.391 0.073 26.506 37.337 1.821 0.391 73
