74
0.0 0.0 1.0 0.0 0.0 0.0 0.0 0.0 0.302 0.034 0.161 0.007 0.014 0.013 0
0.0 0.0 0.944 0.0 0.0 1.0 0.0 0.0 0.573 0.051 0.133 0.019 0.106 0.056 1
0.0 0.0 1.0 0.0 0.0 0.0 0.0 0.0 0.165 0.076 0.066 0.015 0.008 0.013 2
0.002 0.001 1.0 1.0 0.0 1.0 1.0 0.0 0.586 0.196 0.434 0.002 0.054 0.167 3
0.0 0.0 0.944 0.0 0.0 0.0 0.0 0.0 0.529 0.087 0.1 0.018 0.024 0.026 4
0.0 0.0 0.152 0.0 0.0 1.0 0.0 0.0 0.421 0.059 0.094 0.045 0.176 0.229 5
0.0 0.0 0.156 0.0 0.0 1.0 1.0 1.0 0.351 0.051 0.185 0.015 0.147 0.057 6
0.0 0.0 0.169 0.0 0.0 0.0 0.0 0.0 0.392 0.045 0.136 0.006 0.017 0.008 7
0.0 0.0 0.639 0.083 0.0 0.0 0.0 0.0 0.312 0.173 0.011 0.737 0.027 0.333 8
0.0 0.0 0.636 0.0 0.0 0.0 0.0 0.0 0.253 0.049 0.091 0.123 0.049 0.42 9
0.0 0.0 0.667 0.0 0.0 0.0 0.0 0.0 0.179 0.058 0.092 0.009 0.009 0.014 10
0.0 0.0 0.241 1.0 0.0 1.0 0.0 0.0 0.417 0.049 0.343 0.021 0.06 0.108 11
0.0 0.0 0.286 1.0 0.0 1.0 1.0 1.0 0.42 0.047 0.46 0.008 0.046 0.071 12
0.0 0.0 0.182 0.091 0.0 0.0 1.0 0.0 0.28 0.056 0.206 0.007 0.032 0.072 13
0.0 0.0 0.1 1.0 0.0 0.0 0.0 0.0 0.323 0.064 0.22 0.009 0.049 0.062 14
0.0 0.0 0.0 0.0 0.0 0.0 0.0 0.0 0.195 0.051 0.106 0.004 0.009 0.006 15
0.0 0.0 0.189 0.5 0.0 1.0 0.0 1.0 0.39 0.05 0.219 0.011 0.077 0.044 16
0.0 0.0 0.103 0.0 0.0 0.0 0.0 1.0 0.323 0.038 0.211 0.009 0.044 0.016 17
0.0 0.0 0.192 0.0 0.0 1.0 0.0 0.0 0.242 0.05 0.157 0.02 0.043 0.056 18
0.0 0.0 0.167 0.0 0.0 0.0 0.0 0.0 0.171 0.082 0.052 0.005 0.005 0.005 19
0.0 0.0 0.156 0.0 0.0 0.0 0.0 0.0 0.308 0.063 0.074 0.105 0.071 0.284 20
0.001 0.001 0.176 0.0 0.0 1.0 0.0 0.0 0.51 0.047 0.171 0.009 0.054 0.012 21
0.002 0.002 0.182 0.5 0.0 1.0 0.0 0.0 0.385 0.063 0.17 0.014 0.087 0.044 22
0.0 0.0 0.058 0.5 0.0 0.0 0.0 0.0 0.275 0.046 0.178 0.014 0.026 0.023 23
0.001 0.007 0.083 1.0 0.0 1.0 1.0 1.0 0.443 0.041 0.193 0.014 0.509 0.057 24
0.002 0.002 0.986 0.0 0.0 1.0 0.0 0.0 0.318 0.053 0.21 0.011 0.032 0.021 25
0.0 0.0 0.716 0.0 0.0 1.0 1.0 1.0 0.452 0.053 0.21 0.014 0.111 0.077 26
0.0 0.0 0.317 0.6 0.0 0.0 0.0 1.0 0.418 0.038 0.131 0.031 0.114 0.151 27
0.0 0.0 0.333 0.0 0.0 0.0 0.0 0.0 0.173 0.077 0.074 0.007 0.008 0.007 28
0.001 0.001 0.286 0.5 0.0 1.0 1.0 1.0 0.408 0.044 0.179 0.014 0.241 0.024 29
0.0 0.0 0.5 0.0 0.0 0.0 0.0 0.0 0.312 0.041 0.135 0.01 0.02 0.02 30
0.001 0.001 0.045 0.091 0.0 1.0 1.0 0.0 0.371 0.037 0.197 0.015 0.076 0.098 31
0.0 0.0 0.821 1.0 0.0 1.0 0.0 0.0 0.4 0.027 0.275 0.014 0.098 0.062 32
0.0 0.0 0.852 0.5 0.0 0.0 0.0 0.0 0.397 0.03 0.175 0.017 0.051 0.059 33
0.0 0.0 0.875 0.042 0.0 0.0 0.0 1.0 0.243 0.027 0.252 0.006 0.02 0.021 34
0.0 0.0 0.821 0.036 0.0 0.0 0.0 1.0 0.604 0.045 0.151 0.019 0.06 0.068 35
0.0 0.0 0.833 0.5 0.0 1.0 0.0 1.0 0.453 0.044 0.25 0.012 0.164 0.04 36
0.0 0.0 0.82 0.0 0.0 0.0 0.0 0.0 0.262 0.029 0.221 0.002 0.007 0.004 37
0.0 0.0 0.841 0.0 0.0 0.0 0.0 0.0 0.309 0.116 0.061 0.019 0.022 0.024 38
0.0 0.0 0.84 0.5 0.0 1.0 0.0 0.0 0.381 0.05 0.182 0.017 0.105 0.071 39
0.0 0.0 0.782 0.038 0.0 0.0 1.0 0.0 0.327 0.026 0.188 0.014 0.054 0.049 40
0.014 0.015 0.778 0.0 0.0 0.0 1.0 1.0 0.356 0.041 0.215 0.008 0.05 0.09 41
0.001 0.0 0.972 0.0 0.0 1.0 1.0 0.0 0.371 0.045 0.145 0.016 0.113 0.035 42
0.001 0.0 0.856 0.0 0.0 1.0 0.0 1.0 0.302 0.04 0.294 0.003 0.027 0.014 43
0.005 0.005 0.8 0.5 0.0 1.0 1.0 1.0 0.47 0.036 0.183 0.014 0.224 0.028 44
0.0 0.0 0.847 1.0 0.0 0.0 0.0 0.0 0.245 0.033 0.187 0.013 0.018 0.028 45
0.001 0.001 0.7 1.0 0.0 1.0 1.0 1.0 0.468 0.046 0.178 0.016 0.346 0.126 46
0.0 0.0 0.667 0.0 0.0 0.0 0.0 0.0 0.374 0.068 0.1 0.012 0.022 0.021 47
0.003 0.003 0.47 0.045 0.0 1.0 1.0 0.0 0.368 0.034 0.194 0.012 0.079 0.11 48
0.0 0.0 0.479 0.0 0.0 0.0 0.0 1.0 0.398 0.041 0.13 0.016 0.066 0.086 49
0.0 0.0 0.4 0.0 0.0 1.0 0.0 1.0 0.413 0.059 0.134 0.02 0.139 0.06 50
0.0 0.0 0.333 0.0 0.0 0.0 0.0 0.0 0.317 0.042 0.124 0.008 0.025 0.018 51
0.0 0.0 0.125 0.875 0.0 0.0 1.0 1.0 0.268 0.036 0.423 0.004 0.041 0.036 52
1.0 1.0 1.0 0.0 0.0 1.0 0.0 0.0 0.316 0.008 0.256 0.006 0.108 0.0 53
0.0 0.0 0.102 0.0 0.0 1.0 0.0 1.0 0.292 0.044 0.247 0.005 0.033 0.023 54
0.0 0.0 0.16 0.0 0.0 0.0 0.0 0.0 0.221 0.024 0.19 0.003 0.007 0.001 55
0.0 0.0 0.5 0.0 0.0 0.0 1.0 1.0 0.43 0.018 0.042 0.182 0.243 1.0 56
0.02 0.024 0.679 0.036 0.0 1.0 1.0 1.0 0.457 0.061 0.109 0.023 0.541 0.054 57
0.0 0.0 0.02 0.0 0.0 1.0 0.0 0.0 0.3 0.051 0.224 0.007 0.027 0.02 58
0.0 0.0 0.033 0.0 0.0 1.0 0.0 1.0 0.588 0.068 0.151 0.018 0.117 0.049 59
0.0 0.0 0.111 0.0 0.0 0.0 1.0 1.0 0.28 0.014 0.153 0.006 0.041 0.028 60
0.0 0.0 0.667 1.0 0.0 0.0 1.0 0.0 0.415 0.039 0.127 0.007 0.054 0.083 61
0.0 0.0 0.833 0.0 0.0 1.0 0.0 0.0 0.22 0.056 0.119 0.028 0.038 0.037 62
0.0 0.0 0.843 0.0 0.0 1.0 0.0 1.0 0.459 0.056 0.131 0.022 0.15 0.086 63
0.0 0.0 0.833 0.0 0.0 0.0 0.0 0.0 0.144 0.054 0.079 0.009 0.009 0.007 64
0.0 0.0 0.006 0.0 0.0 0.0 0.0 0.0 0.445 0.058 0.108 0.012 0.024 0.016 65
0.009 0.01 0.074 0.0 0.0 1.0 1.0 1.0 0.396 0.039 0.172 0.021 0.655 0.03 66
0.0 0.0 0.642 0.0 0.0 1.0 0.0 0.0 0.473 0.057 0.144 0.02 0.08 0.079 67
0.006 0.005 0.708 1.0 0.0 1.0 0.0 1.0 0.35 0.047 0.158 0.03 0.223 0.084 68
0.0 0.0 0.206 0.0 0.0 0.0 0.0 0.0 0.327 0.383 0.042 0.052 0.006 0.016 69
0.0 0.0 0.5 0.0 0.0 0.0 0.0 0.0 0.171 0.078 0.073 0.017 0.011 0.015 70
0.0 0.0 0.494 0.5 0.0 0.0 0.0 0.0 0.211 0.031 0.161 0.024 0.022 0.045 71
0.0 0.0 0.475 0.011 0.0 0.0 0.0 0.0 0.558 0.125 0.074 0.029 0.023 0.026 72
0.0 0.0 0.487 0.0 0.0 1.0 0.0 0.0 0.276 0.049 0.204 0.007 0.022 0.016 73
