2
42
25
0
25
25
2
57
25
2
42
2
0
1
38
25
43
25
25
43
1
0
34
0
2
25
62
25
0
68
35
44
0
0
26
2
39
2
25
2
25
1
40
25
4
1
2
0
25
25
25
25
4
2
63
4
2
25
0
39
25
0
4
25
43
43
2
36
4
42
43
0
2
2
4
8
2
2
0
0
2
4
2
4
25
0
39
1
0
25
32
25
2
2
0
36
2
2
25
2
2
1
0
2
2
4
15
65
20
20
15
15
15
42
0
4
2
0
2
0
2
43
0
0
0
25
2
39
4
0
0
2
4
25
2
4
0
4
25
25
0
0
25
2
2
2
25
25
4
39
2
1
3
0
1
63
25
2
2
25
45
0
68
0
0
1
63
62
0
35
0
2
2
0
0
0
32
38
0
68
2
63
2
2
0
2
0
2
4
36
2
25
0
0
57
42
25
1
0
0
33
0
1
26
4
25
25
2
2
62
0
4
42
4
25
2
2
2
2
9
42
15
55
65
15
16
65
15
65
55
55
19
19
7
17
55
19
19
7
19
19
55
19
58
19
23
5
58
58
55
7
19
55
19
5
7
18
8
55
55
18
55
21
6
18
6
21
17
18
7
7
18
5
19
19
19
19
55
22
22
52
16
7
22
21
7
55
18
7
20
65
18
55
66
31
19
5
19
18
19
12
51
73
54
28
28
17
71
9
14
73
14
22
72
18
28
71
51
55
55
24
23
66
19
24
7
7
18
18
7
20
19
18
19
20
64
37
68
38
4
37
64
63
4
36
38
38
67
37
38
4
64
4
33
2
2
0
9
67
57
73
47
49
8
10
41
10
63
9
47
67
10
10
10
63
10
10
43
10
10
72
47
73
47
33
47
47
10
47
10
73
34
47
10
10
45
47
47
47
9
10
10
67
10
35
67
10
10
73
63
47
10
44
43
62
44
35
67
10
47
10
47
38
63
47
47
10
10
35
38
37
38
62
62
38
37
64
37
28
20
49
52
28
28
49
28
51
28
51
73
51
71
51
18
68
50
21
28
51
71
51
51
11
28
72
50
69
50
71
12
51
28
18
51
5
28
51
5
69
18
51
21
28
51
51
28
51
28
28
28
28
28
22
50
72
30
70
70
30
73
70
28
7
20
18
69
69
51
55
28
51
48
51
21
51
72
28
12
72
29
20
16
28
51
28
5
73
57
30
30
70
30
19
55
7
18
19
13
18
55
55
54
54
55
55
7
19
7
21
7
7
7
19
6
7
54
7
21
18
7
22
19
65
55
21
54
7
18
55
7
18
12
19
55
19
19
55
7
18
7
23
54
19
55
55
18
7
7
21
55
55
55
7
18
19
19
19
7
22
59
27
18
7
54
65
15
15
58
17
59
52
58
58
16
5
15
20
15
17
65
15
15
58
14
52
65
15
15
69
55
65
15
15
65
58
54
15
15
54
15
15
15
24
54
58
15
15
15
5
59
58
58
31
58
15
23
15
58
6
15
58
65
15
58
58
23
65
58
15
5
5
65
15
15
15
21
15
65
65
15
15
65
15
15
15
65
15
15
15
15
58
65
58
65
15
15
15
65
58
14
15
59
65
23
15
15
15
15
65
19
19
55
20
55
55
7
7
19
19
55
19
20
7
7
23
54
11
19
18
7
7
69
7
19
7
19
19
19
16
55
7
18
19
18
20
21
55
16
19
55
23
55
12
17
55
7
19
58
18
18
20
18
55
6
5
19
19
19
50
20
55
19
20
21
23
55
20
18
22
55
55
17
31
24
7
55
21
23
55
19
21
19
19
55
55
54
19
19
19
6
19
27
21
7
7
13
28
28
51
28
15
15
17
15
65
65
58
58
23
14
65
15
65
15
65
15
24
18
14
15
23
58
15
58
29
15
15
31
65
15
15
66
55
21
4
0
4
41
0
2
25
0
4
36
0
0
4
38
0
41
2
2
63
2
0
0
2
0
45
45
2
63
0
38
35
2
44
2
2
25
4
0
43
0
25
0
25
25
2
2
63
35
39
2
0
1
2
0
38
2
0
4
0
2
4
4
2
0
2
0
25
26
2
25
0
25
25
0
15
15
15
15
58
15
15
18
23
15
67
45
10
47
10
37
47
44
39
37
10
10
10
33
10
47
71
47
43
47
10
73
40
47
10
47
10
10
10
10
47
10
10
72
10
67
73
62
10
47
10
10
41
47
26
67
37
67
62
47
35
10
26
47
10
10
10
26
10
10
10
47
10
10
10
38
4
37
32
37
39
37
64
64
43
28
51
11
11
51
18
28
51
28
28
51
51
69
51
28
27
72
28
28
51
6
73
28
72
73
28
18
72
51
16
51
51
51
28
16
51
73
69
72
73
50
60
51
51
51
20
51
51
6
27
6
51
29
6
28
20
51
21
48
28
28
18
55
70
73
30
50
9
30
70
30
50
46
50
30
70
73
70
72
70
40
70
73
30
30
50
70
71
73
70
70
30
70
30
49
71
73
72
73
30
48
30
70
70
70
73
39
70
48
67
70
73
70
30
70
39
9
70
70
30
57
29
48
73
9
13
70
12
63
10
49
10
47
30
70
70
30
30
70
30
70
70
30
50
70
40
73
70
70
22
30
70
30
70
70
9
30
50
30
30
70
70
67
73
70
30
70
30
70
70
30
30
70
36
30
73
70
70
70
72
70
67
70
67
48
30
70
72
70
8
67
72
73
70
30
72
10
10
10
47
10
10
15
15
65
15
15
21
15
23
15
6
15
15
15
58
15
15
15
16
20
65
13
69
58
6
58
20
23
15
65
58
65
55
15
15
5
13
14
15
21
15
15
11
15
65
22
55
60
15
15
52
58
65
59
65
69
15
65
15
65
13
22
58
23
69
13
59
15
65
65
52
65
54
15
17
15
15
54
21
65
22
15
58
18
66
15
58
54
15
15
15
58
6
65
59
31
65
20
15
15
15
5
20
19
23
20
20
19
19
19
55
19
4
38
64
1
39
64
64
64
46
36
9
64
38
68
39
37
37
38
67
64
4
37
64
64
64
33
62
25
32
44
62
64
37
37
64
37
46
4
1
25
37
38
33
63
38
36
33
62
37
39
37
64
36
63
38
4
38
37
37
38
64
38
64
38
38
34
2
0
33
0
4
34
2
2
33
37
34
38
38
37
37
43
39
37
57
62
64
64
64
64
39
38
1
37
64
37
63
8
68
38
67
37
35
64
64
37
38
37
62
62
38
33
36
38
64
37
37
37
38
37
64
37
38
4
38
39
63
64
64
64
64
37
37
37
38
38
32
64
64
37
38
38
64
62
64
38
64
38
9
38
38
38
1
38
37
38
63
39
63
4
64
38
62
63
37
37
38
64
38
38
64
43
4
46
62
1
62
38
64
37
40
62
64
64
62
38
37
64
41
25
38
38
39
39
62
64
64
64
64
64
67
39
62
64
33
38
38
25
42
25
25
62
2
0
0
0
34
38
2
43
4
57
0
4
0
25
42
25
0
0
26
2
0
0
63
0
2
1
39
39
0
42
39
25
34
21
65
65
59
15
37
40
64
38
38
62
37
37
44
32
64
38
34
38
43
37
64
38
63
62
37
37
38
67
33
38
62
43
38
4
64
64
37
67
62
64
64
64
33
37
38
62
64
33
44
35
64
37
64
38
38
45
33
0
0
63
2
2
45
0
47
46
10
47
47
10
10
10
47
67
10
33
72
37
10
71
68
10
71
71
10
10
47
37
73
10
10
37
63
47
10
46
10
10
63
47
57
10
67
10
71
10
47
47
10
67
44
43
67
72
47
46
32
47
63
10
10
10
8
10
10
47
34
10
64
64
38
37
64
63
64
37
33
30
30
73
67
72
70
71
73
30
30
70
70
30
70
72
49
30
70
70
70
45
70
26
30
72
30
30
30
50
30
30
73
73
73
30
70
26
70
70
30
9
30
49
50
30
49
48
30
49
70
70
30
70
70
73
30
29
70
30
30
70
73
71
72
70
10
10
47
40
10
47
67
33
10
10
10
33
51
51
28
28
72
28
73
51
50
21
51
73
51
28
5
28
28
51
28
51
51
71
50
20
28
51
72
28
51
51
5
49
28
28
71
71
49
51
28
51
21
51
28
18
21
73
17
51
28
51
71
52
28
18
28
21
73
28
22
57
18
51
73
71
70
70
70
67
70
71
0
25
25
25
0
0
2
45
0
34
4
2
25
2
25
32
25
42
25
33
0
4
0
38
0
33
0
0
2
45
25
25
43
4
2
25
0
4
0
0
33
0
4
2
1
4
0
0
43
0
2
2
2
33
0
4
0
0
0
2
2
35
26
2
0
0
2
63
53
4
25
63
25
2
40
2
0
40
2
2
25
58
15
15
65
23
65
14
54
19
21
55
19
58
69
65
18
19
19
18
19
7
55
7
19
29
16
7
16
55
58
55
7
69
19
69
69
19
7
21
19
55
7
19
52
18
18
18
55
19
50
18
29
14
21
7
7
7
69
19
19
55
20
59
7
7
19
19
7
18
14
55
7
19
19
55
18
18
18
54
5
20
21
22
60
7
19
19
20
19
7
7
18
18
19
18
19
51
28
28
51
50
28
28
28
73
28
73
72
70
11
29
30
67
70
30
73
30
27
70
70
30
26
30
70
73
41
30
30
48
56
67
72
67
30
30
30
46
22
30
70
70
57
65
15
15
15
15
15
58
15
15
15
15
65
54
15
65
15
15
58
65
58
15
15
17
65
59
23
65
16
31
15
58
15
29
15
65
15
15
58
59
65
15
13
15
58
65
60
15
15
21
65
15
15
15
31
15
15
17
31
15
15
15
21
15
15
65
15
6
15
31
21
55
7
60
7
55
55
55
7
71
38
10
10
47
71
47
47
63
67
72
73
10
45
47
39
26
72
35
73
49
46
10
40
10
47
10
9
67
26
36
10
47
10
43
73
40
10
47
10
10
10
26
10
10
10
47
73
10
47
47
10
32
10
10
10
47
67
72
10
47
47
71
72
34
47
47
10
10
47
62
36
47
10
47
47
10
61
10
47
10
10
27
10
64
38
37
25
62
37
37
37
63
37
57
37
38
4
62
4
43
38
44
38
25
37
38
38
64
64
64
64
32
40
67
63
38
37
1
33
38
38
32
64
45
37
64
38
38
38
38
63
9
64
62
62
46
38
64
37
4
35
4
64
4
38
38
64
64
64
37
62
62
62
38
38
38
64
62
64
62
62
64
1
34
38
38
38
37
38
64
38
63
9
62
62
39
64
64
38
38
38
33
62
37
38
64
38
62
38
62
38
64
38
39
38
37
42
64
64
4
64
64
62
64
64
62
64
38
64
2
40
2
2
0
2
0
9
2
2
25
33
0
2
15
15
23
6
58
65
15
15
65
59
22
31
58
15
11
15
58
17
15
15
15
23
18
15
65
65
22
65
5
15
15
69
29
12
16
65
58
55
65
24
66
65
15
59
15
29
15
15
15
65
15
65
15
15
11
5
65
15
15
15
15
27
15
15
15
15
23
15
22
65
27
15
58
58
65
65
58
59
15
65
66
15
20
15
15
15
65
20
65
66
23
60
19
18
55
66
55
72
71
6
18
49
72
69
28
73
51
28
22
72
72
51
28
51
28
68
27
5
28
68
69
28
20
21
51
18
51
28
51
51
73
51
30
67
30
67
10
10
67
10
33
32
32
10
27
67
10
10
9
10
47
47
10
68
57
10
10
10
68
26
10
10
10
67
38
19
5
22
19
19
13
69
66
19
18
5
7
55
19
5
22
19
22
55
19
31
55
7
18
59
7
7
19
21
7
55
70
70
30
30
49
73
39
73
70
11
73
35
48
70
30
30
50
49
70
70
30
70
30
70
30
30
30
71
70
30
72
70
73
50
69
73
70
30
70
30
48
70
73
72
29
16
73
71
16
70
30
70
70
73
70
73
30
73
30
70
70
70
30
70
70
73
70
29
67
30
9
30
30
70
70
13
70
30
73
72
70
73
73
70
30
70
13
30
73
30
9
72
30
70
70
70
70
9
48
30
72
72
30
70
72
70
30
70
30
73
30
26
70
57
30
30
73
9
70
70
72
30
70
73
70
73
73
43
70
57
29
30
30
73
70
30
73
72
70
73
72
30
70
30
70
73
67
73
71
49
73
70
30
30
9
30
30
70
73
30
72
70
70
30
26
72
10
47
71
47
10
10
47
10
47
10
